[286, 599, 339]
[258, 309, 639]
[466, 409, 152]
[508, 258, 338]
[86, 192, 486]
[594, 579, 13]
[535, 280, 549]
[514, 277, 531]
[87, 543, 175]
[560, 134, 139]
[466, 409, 152]
[535, 280, 549]
[466, 409, 152]
[514, 277, 531]
[258, 309, 639]
[87, 543, 175]
[508, 258, 338]
[508, 258, 338]
[87, 543, 175]
[286, 599, 339]
[466, 409, 152]
[286, 599, 339]
[514, 277, 531]
[508, 258, 338]
[286, 599, 339]
[466, 409, 152]
[87, 543, 175]
[87, 543, 175]
[87, 543, 175]
[514, 277, 531]
[87, 543, 175]
[466, 409, 152]
[87, 543, 175]
[508, 258, 338]
[514, 277, 531]
[286, 599, 339]
[514, 277, 531]
[466, 409, 152]
[514, 277, 531]
[508, 258, 338]
[466, 409, 152]
[466, 409, 152]
[508, 258, 338]
[466, 409, 152]
[87, 543, 175]
[508, 258, 338]
[286, 599, 339]
[514, 277, 531]
[286, 599, 339]
[286, 599, 339]
[466, 409, 152]
[466, 409, 152]
[466, 409, 152]
[286, 599, 339]
[286, 599, 339]
[286, 599, 339]
[466, 409, 152]
[286, 599, 339]
[508, 258, 338]
[286, 599, 339]
[466, 409, 152]
[466, 409, 152]
[466, 409, 152]
[286, 599, 339]
[286, 599, 339]
[286, 599, 339]
[508, 258, 338]
[286, 599, 339]
[286, 599, 339]
[466, 409, 152]
[286, 599, 339]
[508, 258, 338]
[286, 599, 339]
[286, 599, 339]
[286, 599, 339]
[286, 599, 339]
[466, 409, 152]
[508, 258, 338]
[286, 599, 339]
[286, 599, 339]
[286, 599, 339]
[286, 599, 339]
[286, 599, 339]
[286, 599, 339]
[286, 599, 339]
[286, 599, 339]
[508, 258, 338]
[286, 599, 339]
[286, 599, 339]
[286, 599, 339]
[286, 599, 339]
[286, 599, 339]
[286, 599, 339]
[286, 599, 339]
[286, 599, 339]
[286, 599, 339]
[286, 599, 339]
[286, 599, 339]
[286, 599, 339]
[286, 599, 339]
[286, 599, 339]
[286, 599, 339]
[286, 599, 339]
[286, 599, 339]
[286, 599, 339]
[286, 599, 339]
[286, 599, 339]
[286, 599, 339]
[286, 599, 339]
[286, 599, 339]
[286, 599, 339]
[286, 599, 339]
[286, 599, 339]
[286, 599, 339]
[286, 599, 339]
[286, 599, 339]
[286, 599, 339]
[286, 599, 339]
[286, 599, 339]
[286, 599, 339]
[286, 599, 339]
[286, 599, 339]
[286, 599, 339]
[286, 599, 339]
[286, 599, 339]
[286, 599, 339]
[286, 599, 339]
[286, 599, 339]
[286, 599, 339]
[286, 599, 339]
[286, 599, 339]
[286, 599, 339]
[286, 599, 339]
[286, 599, 339]
[286, 599, 339]
[286, 599, 339]
[286, 599, 339]
[286, 599, 339]
[286, 599, 339]
[286, 599, 339]
[286, 599, 339]
[286, 599, 339]
[286, 599, 339]
[286, 599, 339]
[286, 599, 339]
[286, 599, 339]
[286, 599, 339]
[286, 599, 339]
[286, 599, 339]
[286, 599, 339]
[286, 599, 339]
[286, 599, 339]
[286, 599, 339]
[286, 599, 339]
[286, 599, 339]
[286, 599, 339]
[286, 599, 339]
[286, 599, 339]
[286, 599, 339]
[286, 599, 339]
[286, 599, 339]
[286, 599, 339]
[286, 599, 339]
[286, 599, 339]
[286, 599, 339]
[286, 599, 339]
[286, 599, 339]
[286, 599, 339]
[286, 599, 339]
[286, 599, 339]
[286, 599, 339]
[286, 599, 339]
[286, 599, 339]
[286, 599, 339]
[286, 599, 339]
[286, 599, 339]
[286, 599, 339]
[286, 599, 339]
[286, 599, 339]
[286, 599, 339]
[286, 599, 339]
[286, 599, 339]
[286, 599, 339]
[286, 599, 339]
[286, 599, 339]
[286, 599, 339]
[286, 599, 339]
[286, 599, 339]
[286, 599, 339]
[286, 599, 339]
[286, 599, 339]
[286, 599, 339]
[286, 599, 339]
[286, 599, 339]
[286, 599, 339]
[286, 599, 339]
[286, 599, 339]
[286, 599, 339]
[286, 599, 339]
[286, 599, 339]
(-18, [286, 599, 339])
